20
66 39
35 2 589 66
1000000000 100000
99999 1 99999 100000
186 75
68 16 539 186
1000000000 100000
1 1 1 1000000000
977365070 59489
8 5 9 999966210
1000000000 100000
100000 1 0 1000000000
1000000000 100000
999999999 1 999999999 1000000000
198 81
8 5 7 83495
840698758 13331
8 7 10 999955808
232959116 56689
4 9 1 999903057
45068754 29153
2 9 5 999904402
1000000000 1
12 7 74 12
640834505 28785
3 9 1 999946125
177 73
7 7 5 56401
97 39
34 37 656 97
59 26
14 19 681 59
73 26
5 8 4 54214
254 99
1 8 9 74990
22 21
1 4 869 22
137 49
48 17 461 137
